country	year	source	age	unionORchildren	unionANDchildren	perc_simult
Argentina	2001	3	14	1094	183	0.167276051
Argentina	2001	3	15	991	163	0.164480323
Argentina	2001	3	16	1080	192	0.177777778
Argentina	2001	3	17	1375	293	0.213090909
Argentina	2001	3	18	1434	368	0.256624826
Argentina	2001	3	19	1552	454	0.292525773
Argentina	2001	3	20	1783	560	0.314077398
Argentina	2001	3	21	1958	696	0.35546476
Argentina	2001	3	22	1983	818	0.412506304
Argentina	2001	3	23	2126	910	0.428033866
Argentina	2001	3	24	2153	998	0.463539248
Armenia	2000	1	12	17.966233	16.598083	0.923848811
Armenia	2000	1	13	30.619903	24.495621	0.799990157
Armenia	2000	1	14	39.830823	35.248852	0.88496419
Armenia	2000	1	15	32.05275	28.208892	0.880077123
Armenia	2000	1	16	29.051787	25.69705	0.884525623
Armenia	2000	1	17	20.625573	18.420901	0.893109782
Armenia	2000	1	18	20.405977	19.037827	0.932953468
Armenia	2000	1	19	21.126808	17.239544	0.81600325
Armenia	2000	1	20	19.136027	14.197207	0.741909854
Armenia	2000	1	21	11.28091	9.869931	0.8749233
Armenia	2000	1	22	11.238266	8.501966	0.756519378
Armenia	2000	1	23	1.36815	1.36815	1
Armenia	2000	1	24	1.70831	1.70831	1
Armenia	2001	3	15	19	2	0.105263158
Armenia	2001	3	16	15	2	0.133333333
Armenia	2001	3	17	24	1	0.041666667
Armenia	2001	3	18	45	4	0.088888889
Armenia	2001	3	19	76	23	0.302631579
Armenia	2001	3	20	87	40	0.459770115
Armenia	2001	3	21	74	37	0.5
Armenia	2001	3	22	56	35	0.625
Armenia	2001	3	23	35	22	0.628571429
Armenia	2001	3	24	32	23	0.71875
Austria	2001	3	16	3	1	0.333333333
Austria	2001	3	18	32	3	0.09375
Austria	2001	3	19	65	7	0.107692308
Austria	2001	3	20	62	5	0.080645161
Austria	2001	3	21	94	11	0.117021277
Austria	2001	3	22	91	11	0.120879121
Austria	2001	3	23	103	17	0.165048544
Austria	2001	3	24	111	20	0.18018018
Bangladesh	2004	1	15	7.727498	2.360091	0.305414637
Bangladesh	2004	1	19	15.366717	5.376833	0.349901218
Bangladesh	2004	1	20	17.206872	7.018379	0.407882327
Bangladesh	2004	1	21	5.731666	3.017218	0.526412041
Bangladesh	2004	1	22	4.409887	1.114513	0.252730512
Bangladesh	2004	1	23	7.311059	2.265706	0.309901206
Bangladesh	2004	1	24	8.101886	5.365719	0.662280239
Bangladesh	2007	1	18	17.105437	2.879941	0.16836407
Bangladesh	2007	1	19	6.893582	1.309194	0.189914909
Bangladesh	2007	1	20	16.616335	6.313401	0.379951475
Bangladesh	2007	1	21	9.482163	6.73277	0.710045799
Bangladesh	2007	1	22	14.79129	8.109526	0.548263606
Bangladesh	2007	1	23	7.909841	3.994548	0.505009898
Bangladesh	2007	1	24	11.303122	7.129855	0.630786344
Benin	2006	1	16	7.571406	1.448846	0.191357589
Benin	2006	1	17	6.080788	3.431709	0.564352679
Benin	2006	1	18	6.919128	4.58462	0.662600836
Benin	2006	1	19	11.082285	4.94172	0.445911651
Benin	2006	1	20	11.40406	3.142431	0.275553706
Benin	2006	1	21	6.400417	2.100708	0.32821424
Benin	2006	1	22	10.136715	5.398928	0.532611206
Benin	2006	1	23	14.653752	10.407669	0.710239193
Benin	2006	1	24	4.628506	1.920694	0.414970619
Bolivia	2001	3	15	96	8	0.083333333
Bolivia	2001	3	16	147	34	0.231292517
Bolivia	2001	3	17	265	79	0.298113208
Bolivia	2001	3	18	361	163	0.451523546
Bolivia	2001	3	19	351	162	0.461538462
Bolivia	2001	3	20	410	213	0.519512195
Bolivia	2001	3	21	381	237	0.622047244
Bolivia	2001	3	22	340	230	0.676470588
Bolivia	2001	3	23	365	268	0.734246575
Bolivia	2001	3	24	348	262	0.752873563
Bolivia	2003	1	17	18.714327	7.221225	0.385866133
Bolivia	2003	1	18	21.619319	7.131757	0.329878892
Bolivia	2003	1	19	25.850092	9.813431	0.379628475
Bolivia	2003	1	20	37.345135	22.423337	0.600435291
Bolivia	2003	1	21	32.965891	19.286738	0.585051319
Bolivia	2003	1	22	43.056919	22.476211	0.522011596
Bolivia	2003	1	23	36.442599	20.150784	0.552945853
Bolivia	2003	1	24	23.346935	13.093455	0.560821153
Bolivia	2008	1	15	11.494449	3.350152	0.291458251
Bolivia	2008	1	16	15.140456	2.829212	0.186864385
Bolivia	2008	1	17	30.068677	7.796731	0.259297441
Bolivia	2008	1	18	37.014606	17.741144	0.479301171
Bolivia	2008	1	19	37.177057	12.301503	0.33088964
Bolivia	2008	1	20	40.578908	11.973713	0.295072332
Bolivia	2008	1	21	39.877641	22.717793	0.569687485
Bolivia	2008	1	22	44.403022	19.701438	0.443695882
Bolivia	2008	1	23	35.988129	26.275032	0.730102751
Bolivia	2008	1	24	21.03676	12.247878	0.582213135
Brazil	2000	3	12	170.6105152	15.36839737	0.09007884
Brazil	2000	3	13	267.6475059	19.58571046	0.073177258
Brazil	2000	3	14	772.0636937	85.22469479	0.110385575
Brazil	2000	3	15	1821.623247	293.3673272	0.161047202
Brazil	2000	3	16	3405.857778	772.6025693	0.226845224
Brazil	2000	3	17	5655.157869	1543.355178	0.272911069
Brazil	2000	3	18	7078.445839	2305.642726	0.325727254
Brazil	2000	3	19	7117.870287	2581.108404	0.362623692
Brazil	2000	3	20	7552.702301	3121.410841	0.413283977
Brazil	2000	3	21	7389.922489	3310.432043	0.447965733
Brazil	2000	3	22	7592.850023	3708.866383	0.488468279
Brazil	2000	3	23	7292.723776	3825.009885	0.524496745
Brazil	2000	3	24	6851.902068	3792.217247	0.553454677
Burkina Faso	2003	1	17	1.561515	0.860802	0.551260795
Burkina Faso	2003	1	19	2.678152	0.833138	0.311086899
Burkina Faso	2003	1	20	3.520502	2.077514	0.590118682
Burkina Faso	2003	1	22	1.204208	0.144988	0.120401127
Burkina Faso	2003	1	24	1.299533	0.148705	0.114429568
Cambodia	2000	1	20	2.759361	1.16691	0.422891387
Cambodia	2000	1	23	2.603714	2.603714	1
Cambodia	2000	1	24	0.455272	0.455272	1
Cameroon	2004	1	16	15.52053	1.78704	0.115140398
Cameroon	2004	1	17	30.15547	5.09808	0.169059875
Cameroon	2004	1	18	58.35399	8.18222	0.140216976
Cameroon	2004	1	19	51.95342	13.02008	0.250610643
Cameroon	2004	1	20	33.31501	4.43782	0.133207824
Cameroon	2004	1	21	21.77178	5.50004	0.252622431
Cameroon	2004	1	22	25.00019	6.05883	0.242351358
Cameroon	2004	1	23	19.3967	5.28048	0.272235999
Cameroon	2004	1	24	15.31363	1.61039	0.105160566
Chad	2004	1	16	6.531251	3.249751	0.497569455
Chad	2004	1	17	9.614621	4.400839	0.457723607
Chad	2004	1	18	13.035405	9.154539	0.702282668
Chad	2004	1	19	10.416063	4.998008	0.479836575
Chad	2004	1	20	8.804521	8.060139	0.915454572
Chad	2004	1	21	5.794924	3.51705	0.60691909
Chad	2004	1	22	6.075894	5.072971	0.834934085
Chad	2004	1	23	5.546716	5.09574	0.918694954
Chad	2004	1	24	2.85042	2.536036	0.889706078
Chile	2002	3	15	196	19	0.096938776
Chile	2002	3	16	289	23	0.079584775
Chile	2002	3	17	434	42	0.096774194
Chile	2002	3	18	550	90	0.163636364
Chile	2002	3	19	507	103	0.203155819
Chile	2002	3	20	568	89	0.156690141
Chile	2002	3	21	498	130	0.261044177
Chile	2002	3	22	529	160	0.302457467
Chile	2002	3	23	469	150	0.319829424
Chile	2002	3	24	443	166	0.374717833
Colombia	2000	1	12	2.305637	2.305637	1
Colombia	2000	1	13	3.788423	1.033889	0.272907487
Colombia	2000	1	14	5.63278	5.63278	1
Colombia	2000	1	16	7.483734	5.148336	0.687936797
Colombia	2000	1	17	20.461695	7.476471	0.365388644
Colombia	2000	1	18	17.82706	10.517074	0.589949997
Colombia	2000	1	19	18.924669	7.166284	0.378674206
Colombia	2000	1	20	26.206122	14.042568	0.535850669
Colombia	2000	1	21	18.330523	11.615846	0.633688739
Colombia	2000	1	22	18.483764	7.346739	0.397469855
Colombia	2000	1	23	16.332124	11.039617	0.675944966
Colombia	2000	1	24	27.882226	17.510035	0.627999895
Colombia	2005	3	12	50.04889238	2.890550671	0.057754538
Colombia	2005	3	13	305.151099	4.999951502	0.016385166
Colombia	2005	3	14	417.5181702	14.53076958	0.034802724
Colombia	2005	3	15	697.8640585	58.31762513	0.083565881
Colombia	2005	3	16	1035.59829	174.4057743	0.168410643
Colombia	2005	3	17	1544.117948	418.4030125	0.270965708
Colombia	2005	3	18	1708.75293	481.6652865	0.281881177
Colombia	2005	3	19	1834.372885	637.0578144	0.347289158
Colombia	2005	3	20	2097.715185	835.2002733	0.398147603
Colombia	2005	3	21	2313.801377	1020.674477	0.441124501
Colombia	2005	3	22	2135.339746	978.1467438	0.458075463
Colombia	2005	3	23	2567.693838	1254.719214	0.488656083
Colombia	2005	3	24	2433.403219	1283.207976	0.527330599
Congo (Brazzaville)	2005	1	12	34.502262	25.706874	0.745077931
Congo (Brazzaville)	2005	1	13	41.930192	35.102298	0.83716044
Congo (Brazzaville)	2005	1	14	33.243075	26.637119	0.801283245
Congo (Brazzaville)	2005	1	15	48.001047	31.986305	0.666366819
Congo (Brazzaville)	2005	1	16	48.589813	27.603829	0.568099099
Congo (Brazzaville)	2005	1	17	57.274947	36.57196	0.638533284
Congo (Brazzaville)	2005	1	18	56.035538	29.265896	0.522273847
Congo (Brazzaville)	2005	1	19	70.625273	38.212757	0.541063494
Congo (Brazzaville)	2005	1	20	50.106926	27.556758	0.549959062
Congo (Brazzaville)	2005	1	21	57.341632	38.981575	0.679812793
Congo (Brazzaville)	2005	1	22	75.304338	52.44375	0.696424023
Congo (Brazzaville)	2005	1	23	35.097028	21.629979	0.616290901
Congo (Brazzaville)	2005	1	24	27.876895	17.374357	0.623252948
Costa Rica	2000	3	14	21	1	0.047619048
Costa Rica	2000	3	15	46	12	0.260869565
Costa Rica	2000	3	16	70	19	0.271428571
Costa Rica	2000	3	17	101	26	0.257425743
Costa Rica	2000	3	18	142	54	0.38028169
Costa Rica	2000	3	19	204	86	0.421568627
Costa Rica	2000	3	20	262	110	0.419847328
Costa Rica	2000	3	21	307	145	0.472312704
Costa Rica	2000	3	22	323	175	0.541795666
Costa Rica	2000	3	23	336	188	0.55952381
Costa Rica	2000	3	24	309	175	0.566343042
Dominican Republic	2002	1	15	56.413024	13.476722	0.238893806
Dominican Republic	2002	1	16	90.532407	21.658078	0.239230113
Dominican Republic	2002	1	17	159.750072	66.422938	0.415792852
Dominican Republic	2002	1	18	164.531544	83.296947	0.506267339
Dominican Republic	2002	1	19	183.535384	104.721078	0.57057705
Dominican Republic	2002	1	20	165.581818	116.630556	0.704368133
Dominican Republic	2002	1	21	165.047572	107.595695	0.651907166
Dominican Republic	2002	1	22	189.544825	146.029295	0.770420902
Dominican Republic	2002	1	23	145.459173	104.393652	0.717683525
Dominican Republic	2002	1	24	152.997567	122.116977	0.798162869
Dominican Republic	2007	1	15	51.231898	6.865575	0.134009773
Dominican Republic	2007	1	16	76.585712	16.609245	0.216871327
Dominican Republic	2007	1	17	174.625992	55.808571	0.319589142
Dominican Republic	2007	1	18	187.156712	102.346695	0.546850251
Dominican Republic	2007	1	19	134.688471	60.125284	0.446402603
Dominican Republic	2007	1	20	176.970107	116.642487	0.659108417
Dominican Republic	2007	1	21	173.572443	94.215365	0.5428014
Dominican Republic	2007	1	22	155.269728	109.35768	0.704307797
Dominican Republic	2007	1	23	201.410651	141.542721	0.702756882
Dominican Republic	2007	1	24	161.865188	104.76515	0.64723707
Ecuador	2001	3	12	92	5	0.054347826
Ecuador	2001	3	13	92	2	0.02173913
Ecuador	2001	3	14	113	4	0.03539823
Ecuador	2001	3	15	359	36	0.100278552
Ecuador	2001	3	16	441	97	0.219954649
Ecuador	2001	3	17	568	153	0.269366197
Ecuador	2001	3	18	620	253	0.408064516
Ecuador	2001	3	19	660	329	0.498484848
Ecuador	2001	3	20	866	413	0.476905312
Ecuador	2001	3	21	945	528	0.558730159
Ecuador	2001	3	22	984	568	0.577235772
Ecuador	2001	3	23	1003	640	0.638085743
Ecuador	2001	3	24	972	668	0.687242798
Egypt	2000	1	15	2.3361	2.3361	1
Egypt	2000	1	19	6.441731	4.030665	0.625711474
Egypt	2000	1	20	10.251746	5.154445	0.502787037
Egypt	2000	1	21	7.594492	3.222474	0.424317255
Egypt	2000	1	22	10.122087	5.871585	0.58007652
Egypt	2000	1	23	5.828237	4.657906	0.799196395
Egypt	2000	1	24	4.916623	4.916623	1
Ethiopia	2000	1	12	1.267244	1.267244	1
Ethiopia	2000	1	14	2.304123	2.304123	1
Ethiopia	2000	1	15	4.697347	2.582137	0.54970114
Ethiopia	2000	1	16	8.640662	1.989946	0.230300178
Ethiopia	2000	1	17	21.846371	4.423766	0.202494318
Ethiopia	2000	1	18	19.411786	4.374198	0.225337226
Ethiopia	2000	1	19	4.605736	4.1935	0.910495087
Ethiopia	2000	1	20	12.389817	7.351699	0.59336623
Ethiopia	2000	1	21	3.680075	2.392164	0.650031317
Ethiopia	2000	1	22	1.737052	1.034329	0.595450798
Ethiopia	2000	1	23	3.403113	3.172794	0.932321084
Ethiopia	2000	1	24	4.331211	2.20677	0.509504155
Gabon	2000	1	15	19.639654	2.393094	0.12185011
Gabon	2000	1	16	52.833568	10.59359	0.200508699
Gabon	2000	1	17	64.262805	14.657329	0.228084177
Gabon	2000	1	18	73.3813	21.333645	0.290723182
Gabon	2000	1	19	70.848493	21.187278	0.299050511
Gabon	2000	1	20	88.678423	38.177015	0.430510757
Gabon	2000	1	21	72.179152	27.050125	0.374763685
Gabon	2000	1	22	44.400226	22.054831	0.4967279
Gabon	2000	1	23	47.722123	20.689272	0.433536287
Gabon	2000	1	24	52.404916	28.035274	0.534974123
Ghana	2000	3	15	1826	179	0.098028478
Ghana	2000	3	16	1385	139	0.100361011
Ghana	2000	3	17	1049	163	0.155386082
Ghana	2000	3	18	1047	233	0.222540592
Ghana	2000	3	19	735	206	0.280272109
Ghana	2000	3	20	505	140	0.277227723
Ghana	2000	3	21	290	88	0.303448276
Ghana	2000	3	22	304	111	0.365131579
Ghana	2000	3	23	253	83	0.328063241
Ghana	2000	3	24	174	76	0.436781609
Ghana	2003	1	21	2.491717	1.182919	0.47474051
Ghana	2003	1	22	1.724995	0.827908	0.479948058
Ghana	2003	1	24	0.897087	0.897087	1
Greece	2001	3	14	8	3	0.375
Greece	2001	3	16	15	4	0.266666667
Greece	2001	3	17	15	4	0.266666667
Greece	2001	3	18	33	3	0.090909091
Greece	2001	3	19	30	5	0.166666667
Greece	2001	3	20	59	22	0.372881356
Greece	2001	3	21	43	11	0.255813953
Greece	2001	3	22	47	9	0.191489362
Greece	2001	3	23	42	5	0.119047619
Greece	2001	3	24	33	7	0.212121212
Guinea	2005	1	15	3.664133	2.462338	0.672011087
Guinea	2005	1	16	12.876263	1.137173	0.088315453
Guinea	2005	1	17	27.1129	4.290621	0.158250169
Guinea	2005	1	18	29.58383	12.945748	0.437595403
Guinea	2005	1	19	17.463325	8.679372	0.497005696
Guinea	2005	1	20	19.95208	5.405406	0.270919423
Guinea	2005	1	21	8.915213	4.855205	0.544597757
Guinea	2005	1	22	9.258467	3.936746	0.42520495
Guinea	2005	1	23	7.014718	2.250405	0.320811899
Guinea	2005	1	24	4.602427	1.72346	0.374467645
Guyana	2005	1	17	3.540767	1.34124	0.378799283
Guyana	2005	1	23	2.008101	2.008101	1
Guyana	2005	1	24	4.877248	2.847356	0.583803817
Haiti	2000	1	17	4.843406	1.379719	0.284865444
Haiti	2000	1	18	13.992091	3.340442	0.23873787
Haiti	2000	1	19	12.410501	4.684086	0.377429243
Haiti	2000	1	20	6.921202	3.604139	0.520738883
Haiti	2000	1	21	12.760128	2.277229	0.178464432
Haiti	2000	1	22	5.615941	1.238313	0.220499646
Haiti	2000	1	23	4.301777	2.821547	0.655902665
Haiti	2000	1	24	1.710233	1.008323	0.589582238
Honduras	2005	1	12	2.774178	2.774178	1
Honduras	2005	1	14	1.73573	1.73573	1
Honduras	2005	1	15	16.175493	4.451275	0.275186358
Honduras	2005	1	16	15.772282	9.357546	0.593290559
Honduras	2005	1	17	24.397096	12.621895	0.517352352
Honduras	2005	1	18	25.968232	16.701964	0.643169084
Honduras	2005	1	19	25.422623	13.428998	0.52823023
Honduras	2005	1	20	35.052147	21.093916	0.601786704
Honduras	2005	1	21	32.922073	24.496529	0.74407614
Honduras	2005	1	22	40.101657	27.23085	0.679045507
Honduras	2005	1	23	43.699604	37.127044	0.849596806
Honduras	2005	1	24	43.415778	35.117918	0.808874552
Hungary	2001	3	15	7	1	0.142857143
Hungary	2001	3	16	7	1	0.142857143
Hungary	2001	3	17	16	1	0.0625
Hungary	2001	3	19	32	1	0.03125
Hungary	2001	3	20	33	2	0.060606061
Hungary	2001	3	21	51	5	0.098039216
Hungary	2001	3	22	44	4	0.090909091
Hungary	2001	3	23	47	5	0.106382979
Hungary	2001	3	24	49	6	0.12244898
Indonesia	2002	1	19	2.324689	1.870797	0.804751517
Indonesia	2002	1	20	2.852496	1.628194	0.570796243
Indonesia	2002	1	21	10.301422	9.565368	0.928548311
Indonesia	2002	1	22	7.459852	1.603964	0.215012845
Indonesia	2002	1	23	10.461488	7.416708	0.708953449
Indonesia	2002	1	24	5.745565	5.580694	0.97130465
Indonesia	2007	1	17	0.771898	0.546226	0.707640129
Indonesia	2007	1	18	3.767031	2.699584	0.7166344
Indonesia	2007	1	19	2.984634	2.782642	0.93232269
Indonesia	2007	1	20	11.314713	7.484827	0.661512758
Indonesia	2007	1	21	14.736501	12.393566	0.841011445
Indonesia	2007	1	22	14.48099	8.936818	0.617141369
Indonesia	2007	1	23	8.992317	4.784619	0.532078551
Indonesia	2007	1	24	11.007451	10.11397	0.918829437
Iran	2006	3	12	263.1383685	2.276804925	0.008652501
Iran	2006	3	13	266.7440142	2.678606462	0.010041862
Iran	2006	3	14	283.4220541	0.346635729	0.001223037
Iran	2006	3	15	408.204153	4.036826704	0.009889235
Iran	2006	3	16	474.9913467	2.622806564	0.005521799
Iran	2006	3	17	469.4942113	10.23230628	0.021794318
Iran	2006	3	18	413.243687	23.94809027	0.057951497
Iran	2006	3	19	448.4401067	36.56774445	0.081544322
Iran	2006	3	20	582.5830612	77.48724684	0.133006351
Iran	2006	3	21	677.5673805	108.923937	0.160757351
Iran	2006	3	22	712.3850373	133.7861734	0.18780037
Iran	2006	3	23	617.6357539	156.5601408	0.253482963
Iran	2006	3	24	514.7363035	189.162922	0.367494814
Jamaica	2001	3	16	118.0305441	0.768685827	0.006512601
Jamaica	2001	3	17	66.78792809	3.605835335	0.053989328
Jamaica	2001	3	18	53.63330659	8.847651517	0.164965617
Jamaica	2001	3	19	73.59972684	10.58612381	0.143833738
Jamaica	2001	3	20	73.35203918	5.042268447	0.068740672
Jamaica	2001	3	21	80.12268607	15.1539811	0.189134711
Jamaica	2001	3	22	105.2493952	25.2493883	0.239900555
Jamaica	2001	3	23	82.74475883	20.18537925	0.243947526
Jamaica	2001	3	24	90.19945846	24.55446526	0.272224087
Kenya	2003	1	22	5.77808	1.277411	0.221078801
Kenya	2003	1	23	3.15715	3.15715	1
Lesotho	2004	1	17	5.38613	1.559323	0.289507123
Lesotho	2004	1	18	10.808049	0.250622	0.023188459
Lesotho	2004	1	19	11.680229	3.062737	0.262215493
Lesotho	2004	1	20	6.322466	1.081672	0.171083878
Lesotho	2004	1	21	5.374914	0.938611	0.174628096
Lesotho	2004	1	22	3.361384	2.959069	0.880312693
Lesotho	2004	1	23	0.74972	0.74972	1
Lesotho	2004	1	24	7.523758	3.871357	0.514550973
Madagascar	2003	1	18	1.870202	1.028085	0.549718693
Madagascar	2003	1	19	1.459836	0.168927	0.115716423
Madagascar	2003	1	22	1.72439	0.0416	0.024124473
Madagascar	2003	1	24	4.058981	2.801075	0.690093154
Malawi	2000	1	16	20.190149	2.092586	0.103643911
Malawi	2000	1	17	7.958325	2.475152	0.31101419
Malawi	2000	1	18	8.27911	1.15723	0.139777102
Malawi	2000	1	19	15.225681	5.120628	0.336315203
Malawi	2000	1	20	11.067502	4.321601	0.390476641
Malawi	2000	1	21	12.003238	5.8396	0.486502059
Malawi	2000	1	22	2.301635	1.04058	0.452104699
Malawi	2000	1	23	7.741763	3.421843	0.441997902
Malawi	2000	1	24	2.219039	1.057052	0.476355756
Malawi	2004	1	16	2.813709	1.052899	0.374203231
Malawi	2004	1	17	7.064057	1.021888	0.144660214
Malawi	2004	1	18	13.517679	2.252589	0.16664022
Malawi	2004	1	19	3.864794	3.326374	0.860685977
Malawi	2004	1	20	6.030061	1.079749	0.179061041
Malawi	2004	1	21	10.568399	8.565398	0.810472617
Malawi	2004	1	22	4.510556	3.380896	0.74955194
Malawi	2004	1	23	4.51977	3.447537	0.762768238
Malawi	2004	1	24	5.757106	5.757106	1
Malawi	2008	3	12	57	3	0.052631579
Malawi	2008	3	13	77	2	0.025974026
Malawi	2008	3	14	121	11	0.090909091
Malawi	2008	3	15	305	21	0.068852459
Malawi	2008	3	16	405	31	0.07654321
Malawi	2008	3	17	607	88	0.144975288
Malawi	2008	3	18	848	206	0.242924528
Malawi	2008	3	19	799	240	0.300375469
Malawi	2008	3	20	582	155	0.266323024
Malawi	2008	3	21	439	123	0.280182232
Malawi	2008	3	22	302	105	0.347682119
Malawi	2008	3	23	235	102	0.434042553
Malawi	2008	3	24	210	99	0.471428571
Mali	2001	1	12	415.544184	328.212969	0.789838919
Mali	2001	1	13	539.555805	441.420928	0.818119134
Mali	2001	1	14	474.897082	381.937578	0.804253369
Mali	2001	1	15	324.534463	259.699793	0.800222542
Mali	2001	1	16	233.71194	165.059898	0.706253596
Mali	2001	1	17	184.932305	141.271198	0.763907626
Mali	2001	1	18	193.466445	138.981284	0.718374104
Mali	2001	1	19	143.834419	94.511965	0.657088656
Mali	2001	1	20	159.901116	117.766414	0.73649526
Mali	2001	1	21	77.508831	58.739607	0.757844058
Mali	2001	1	22	112.072241	77.681548	0.69313817
Mali	2001	1	23	70.080022	47.178075	0.673202914
Mali	2001	1	24	51.61297	41.125629	0.796808031
Mali	2006	1	15	54.254656	5.643894	0.104025984
Mali	2006	1	16	39.796078	7.409372	0.186183473
Mali	2006	1	17	42.241572	2.025013	0.047938865
Mali	2006	1	18	44.549457	14.861243	0.333589767
Mali	2006	1	19	33.806118	10.812449	0.319837048
Mali	2006	1	20	44.342505	15.754542	0.355292106
Mali	2006	1	21	47.268865	22.202026	0.469696617
Mali	2006	1	22	26.579819	7.829728	0.294574165
Mali	2006	1	23	23.943152	12.690033	0.530006784
Mali	2006	1	24	13.134809	3.609408	0.274797144
Mexico	2000	3	13	331.4522452	0.416397293	0.001256281
Mexico	2000	3	14	360.2877578	9.264839769	0.025715111
Mexico	2000	3	15	433.8859793	32.47898885	0.074856046
Mexico	2000	3	16	888.8000219	118.6732285	0.133520731
Mexico	2000	3	17	1195.788926	303.5536266	0.253852181
Mexico	2000	3	18	1562.634941	577.4389461	0.369529012
Mexico	2000	3	19	1701.399339	708.1876961	0.416238375
Mexico	2000	3	20	2311.004976	1119.692321	0.484504505
Mexico	2000	3	21	2359.307062	1237.324556	0.524444052
Mexico	2000	3	22	2830.044202	1560.032458	0.551239609
Mexico	2000	3	23	2660.778702	1577.521145	0.592879499
Mexico	2000	3	24	2654.94914	1608.646842	0.605904956
Morocco	2003	1	16	0.999203	0.999203	1
Morocco	2003	1	17	2.57862	1.285764	0.498624846
Morocco	2003	1	18	4.370618	1.426451	0.326372838
Morocco	2003	1	19	5.718704	4.264297	0.745675419
Morocco	2003	1	20	4.797355	2.204118	0.459444423
Morocco	2003	1	21	9.264325	4.294208	0.463520872
Morocco	2003	1	22	19.655086	16.49495	0.839220444
Morocco	2003	1	23	31.581327	24.216379	0.76679422
Morocco	2003	1	24	31.301785	28.050268	0.896123592
Mozambique	2003	1	15	6.917713	1.15609	0.167120261
Mozambique	2003	1	16	14.441133	2.448511	0.16955117
Mozambique	2003	1	17	19.035564	3.706603	0.194719894
Mozambique	2003	1	18	39.899085	17.410341	0.436359405
Mozambique	2003	1	19	26.465164	13.190594	0.498413462
Mozambique	2003	1	20	36.913329	15.415771	0.417620719
Mozambique	2003	1	21	27.161135	15.859432	0.583901667
Mozambique	2003	1	22	30.541032	19.280099	0.631285118
Mozambique	2003	1	23	24.847854	21.024891	0.846145144
Mozambique	2003	1	24	18.193686	15.027124	0.825952696
Namibia	2000	1	18	15.731775	1.773882	0.112757906
Namibia	2000	1	20	11.943943	1.625077	0.13605867
Namibia	2000	1	21	22.623471	5.305766	0.234524844
Namibia	2000	1	22	16.429762	1.968994	0.119843124
Namibia	2000	1	23	11.00817	2.305383	0.209424727
Nepal	2001	3	15	423	16	0.037825059
Nepal	2001	3	16	1577	108	0.068484464
Nepal	2001	3	17	1634	256	0.156670747
Nepal	2001	3	18	3084	773	0.250648508
Nepal	2001	3	19	2021	812	0.401781296
Nepal	2001	3	20	4175	2228	0.533652695
Nepal	2001	3	21	2530	1608	0.635573123
Nepal	2001	3	22	4733	3329	0.703359392
Nepal	2001	3	23	3048	2331	0.76476378
Nepal	2001	3	24	4126	3360	0.814348037
Nicaragua	2001	1	15	8.12863	4.772813	0.587160813
Nicaragua	2001	1	16	18.94003	9.24886	0.488323408
Nicaragua	2001	1	17	20.425737	9.551322	0.467612111
Nicaragua	2001	1	18	30.130557	10.654278	0.353603752
Nicaragua	2001	1	19	31.541538	15.70722	0.497985228
Nicaragua	2001	1	20	48.105794	35.650853	0.741092705
Nicaragua	2001	1	21	32.757835	20.22047	0.617271257
Nicaragua	2001	1	22	42.6982	24.83962	0.581748645
Nicaragua	2001	1	23	31.530986	24.014212	0.761606757
Nicaragua	2001	1	24	44.932748	35.495434	0.789968021
Niger	2006	1	18	2.194582	1.811146	0.825280623
Niger	2006	1	20	1.079561	0.337903	0.313000377
Niger	2006	1	21	0.696986	0.224009	0.3213967
Niger	2006	1	22	0.45663	0.45663	1
Niger	2006	1	24	0.218936	0.218936	1
Nigeria	2003	1	15	0.66045	0.66045	1
Nigeria	2003	1	18	14.706735	2.235596	0.152011714
Nigeria	2003	1	19	11.160377	0.372566	0.033382922
Nigeria	2003	1	20	9.825922	5.689162	0.578995233
Nigeria	2003	1	21	6.905126	1.303152	0.188722407
Nigeria	2003	1	22	7.94076	5.790769	0.729246193
Nigeria	2003	1	23	12.792915	6.877514	0.537603353
Nigeria	2003	1	24	12.536351	11.402389	0.909546087
Palestine	2007	3	17	262.6024507	59.89880964	0.228096918
Palestine	2007	3	22	865.5205799	501.0766767	0.578930979
Panama	2000	3	13	6	2	0.333333333
Panama	2000	3	14	11	5	0.454545455
Panama	2000	3	15	39	7	0.179487179
Panama	2000	3	16	62	21	0.338709677
Panama	2000	3	17	102	51	0.5
Panama	2000	3	18	108	50	0.462962963
Panama	2000	3	19	186	99	0.532258065
Panama	2000	3	20	175	96	0.548571429
Panama	2000	3	21	209	119	0.56937799
Panama	2000	3	22	233	138	0.592274678
Panama	2000	3	23	220	144	0.654545455
Panama	2000	3	24	243	163	0.670781893
Peru	2000	1	16	5.490595	0.066552	0.012121091
Peru	2000	1	17	12.74403	2.495066	0.195783124
Peru	2000	1	18	24.603594	9.200183	0.373936548
Peru	2000	1	19	27.850035	10.74514	0.385821418
Peru	2000	1	20	38.677921	23.571535	0.609431283
Peru	2000	1	21	29.226625	15.522977	0.531124514
Peru	2000	1	22	47.516128	19.004373	0.399956263
Peru	2000	1	23	26.20465	13.960794	0.532760178
Peru	2000	1	24	35.29893	23.727607	0.672190545
Peru	2004	1	15	6.116236	1.222481	0.199874727
Peru	2004	1	16	31.112397	4.128592	0.132699258
Peru	2004	1	17	25.652571	9.125492	0.355734012
Peru	2004	1	18	29.859946	12.312187	0.412331188
Peru	2004	1	19	40.279307	17.176751	0.426441076
Peru	2004	1	20	39.634195	15.635186	0.394487286
Peru	2004	1	21	35.778824	17.98745	0.502740112
Peru	2004	1	22	58.433116	25.699497	0.439810483
Peru	2004	1	23	58.003667	26.922431	0.464150499
Peru	2004	1	24	60.721917	32.90338	0.541869915
Peru	2007	3	12	312	25	0.080128205
Peru	2007	3	13	237	22	0.092827004
Peru	2007	3	14	384	48	0.125
Peru	2007	3	15	678	87	0.128318584
Peru	2007	3	16	722	143	0.198060942
Peru	2007	3	17	900	238	0.264444444
Peru	2007	3	18	1068	329	0.308052434
Peru	2007	3	19	1232	451	0.366071429
Peru	2007	3	20	1483	626	0.42211733
Peru	2007	3	21	1455	677	0.465292096
Peru	2007	3	22	1631	800	0.490496628
Peru	2007	3	23	1604	885	0.551745636
Peru	2007	3	24	1632	948	0.580882353
Philippines	2003	1	17	3.751103	1.365868	0.364124366
Philippines	2003	1	18	4.524464	1.920464	0.424462213
Philippines	2003	1	19	4.923313	3.597867	0.730781691
Philippines	2003	1	21	2.80232	0.939777	0.335356776
Philippines	2003	1	22	4.481091	3.444976	0.768780638
Philippines	2003	1	23	4.064725	3.129968	0.770031921
Philippines	2003	1	24	8.133403	3.1881	0.391976151
Romania	2002	3	14	33	2	0.060606061
Romania	2002	3	15	32	1	0.03125
Romania	2002	3	16	52	6	0.115384615
Romania	2002	3	17	76	8	0.105263158
Romania	2002	3	18	101	10	0.099009901
Romania	2002	3	19	161	21	0.130434783
Romania	2002	3	20	289	46	0.15916955
Romania	2002	3	21	438	71	0.162100457
Romania	2002	3	22	469	90	0.191897655
Romania	2002	3	23	451	100	0.22172949
Romania	2002	3	24	445	103	0.231460674
Rwanda	2000	1	12	4.673568	4.673568	1
Rwanda	2000	1	13	6.860623	5.476011	0.798179845
Rwanda	2000	1	14	1.999274	1.999274	1
Rwanda	2000	1	15	6.351376	6.351376	1
Rwanda	2000	1	17	1.453032	1.453032	1
Rwanda	2000	1	19	0.323088	0.323088	1
Rwanda	2000	1	23	0.646176	0.646176	1
Rwanda	2000	1	24	0.646176	0.323088	0.5
Rwanda	2002	3	13	941	2	0.002125399
Rwanda	2002	3	14	757	4	0.005284016
Rwanda	2002	3	15	540	5	0.009259259
Rwanda	2002	3	16	357	1	0.00280112
Rwanda	2002	3	17	246	6	0.024390244
Rwanda	2002	3	18	206	12	0.058252427
Rwanda	2002	3	19	160	19	0.11875
Rwanda	2002	3	20	189	30	0.158730159
Rwanda	2002	3	21	144	30	0.208333333
Rwanda	2002	3	22	116	31	0.267241379
Rwanda	2002	3	23	122	42	0.344262295
Rwanda	2002	3	24	110	57	0.518181818
Rwanda	2005	1	12	7.227514	6.256716	0.865680233
Rwanda	2005	1	13	2.727992	2.727992	1
Rwanda	2005	1	14	12.112123	11.404209	0.941553269
Rwanda	2005	1	15	13.456581	10.953892	0.814017468
Rwanda	2005	1	16	0.731976	0.731976	1
Rwanda	2005	1	17	4.822323	3.461349	0.717776267
Rwanda	2005	1	18	6.17246	4.239261	0.686802507
Rwanda	2005	1	19	2.037377	2.037377	1
Rwanda	2005	1	20	2.634238	1.241795	0.471405773
Rwanda	2005	1	21	2.883273	2.245575	0.778828436
Rwanda	2005	1	23	3.921107	3.098072	0.790101367
Rwanda	2005	1	24	2.566357	2.566357	1
Senegal	2002	3	12	1121	5	0.004460303
Senegal	2002	3	13	682	4	0.005865103
Senegal	2002	3	14	464	4	0.00862069
Senegal	2002	3	15	363	8	0.022038567
Senegal	2002	3	16	249	7	0.02811245
Senegal	2002	3	17	211	12	0.056872038
Senegal	2002	3	18	198	17	0.085858586
Senegal	2002	3	19	149	10	0.067114094
Senegal	2002	3	20	174	28	0.16091954
Senegal	2002	3	21	102	21	0.205882353
Senegal	2002	3	22	145	44	0.303448276
Senegal	2002	3	23	96	31	0.322916667
Senegal	2002	3	24	101	30	0.297029703
Senegal	2005	1	15	10.742664	0.469953	0.043746412
Senegal	2005	1	17	13.077032	1.167583	0.089285015
Senegal	2005	1	18	17.140791	2.156251	0.12579647
Senegal	2005	1	19	11.621501	4.115534	0.35413102
Senegal	2005	1	20	14.655446	5.281574	0.360383028
Senegal	2005	1	21	3.939564	0.759349	0.192749502
Senegal	2005	1	22	6.119335	3.875693	0.63335199
Senegal	2005	1	23	16.646799	8.718121	0.523711556
Senegal	2005	1	24	5.288455	0.477222	0.090238453
Sierra Leone	2004	3	14	103	2	0.019417476
Sierra Leone	2004	3	15	165	8	0.048484848
Sierra Leone	2004	3	16	70	4	0.057142857
Sierra Leone	2004	3	17	87	8	0.091954023
Sierra Leone	2004	3	18	157	27	0.171974522
Sierra Leone	2004	3	19	111	12	0.108108108
Sierra Leone	2004	3	20	189	59	0.312169312
Sierra Leone	2004	3	21	62	29	0.467741935
Sierra Leone	2004	3	22	90	31	0.344444444
Sierra Leone	2004	3	23	72	31	0.430555556
Sierra Leone	2004	3	24	66	32	0.484848485
Slovenia	2002	3	22	223	52	0.233183857
South Africa	2001	3	12	430.2389389	6.953807149	0.016162663
South Africa	2001	3	13	510.6246499	27.78610183	0.054415904
South Africa	2001	3	14	654.3885377	21.94244053	0.033531212
South Africa	2001	3	15	1196.603245	73.06989982	0.061064434
South Africa	2001	3	16	2282.133651	87.59833032	0.0383844
South Africa	2001	3	17	3449.544388	165.472482	0.047969373
South Africa	2001	3	18	4762.436659	264.9037688	0.055623578
South Africa	2001	3	19	5364.212273	363.0667929	0.067683152
South Africa	2001	3	20	5071.408392	392.6587542	0.077425978
South Africa	2001	3	21	4879.305724	500.4660664	0.102569114
South Africa	2001	3	22	3998.980036	512.0252312	0.128038957
South Africa	2001	3	23	3286.641719	518.2691775	0.157689588
South Africa	2001	3	24	3110.306618	648.9842745	0.208656044
South Africa	2007	3	15	129.3765564	1.191932714	0.009212896
South Africa	2007	3	16	395.3563303	10.93304557	0.02765365
South Africa	2007	3	17	689.9771347	26.42994753	0.038305541
South Africa	2007	3	18	983.3460432	42.98597509	0.043713986
South Africa	2007	3	19	1147.184934	62.84019395	0.054777736
South Africa	2007	3	20	1159.200869	79.8610464	0.068893191
South Africa	2007	3	21	1051.22469	81.47138814	0.077501403
South Africa	2007	3	22	802.2408952	77.61975985	0.096753681
South Africa	2007	3	23	615.3648562	91.60470393	0.148862424
South Africa	2007	3	24	546.9540925	92.1645814	0.16850515
Sudan	2008	3	12	2537.266238	15.54045235	0.00612488
Sudan	2008	3	13	1844.433672	8.118913697	0.004401846
Sudan	2008	3	14	1787.494101	23.87812158	0.013358434
Sudan	2008	3	15	7233.909527	156.3764441	0.021617141
Sudan	2008	3	16	3983.472331	78.17941308	0.019625946
Sudan	2008	3	17	3174.783014	162.4120416	0.051156895
Sudan	2008	3	18	4003.945795	369.5236214	0.092289866
Sudan	2008	3	19	2021.817989	270.0955577	0.133590441
Sudan	2008	3	20	4149.529809	606.556261	0.146174697
Sudan	2008	3	21	1580.134402	214.5213732	0.135761472
Sudan	2008	3	22	5432.106759	896.4044163	0.165019661
Sudan	2008	3	23	1897.583928	475.0254547	0.250331723
Sudan	2008	3	24	1582.39977	404.7887763	0.255806898
Switzerland	2000	3	19	30	2	0.066666667
Switzerland	2000	3	21	39	4	0.102564103
Switzerland	2000	3	22	68	6	0.088235294
Switzerland	2000	3	23	67	7	0.104477612
Switzerland	2000	3	24	86	6	0.069767442
Tanzania	2002	3	12	509.0366533	12.5121262	0.02458001
Tanzania	2002	3	13	448.3064402	20.34515614	0.045382253
Tanzania	2002	3	14	593.990102	21.61965283	0.036397328
Tanzania	2002	3	15	555.5502122	24.80143828	0.044643018
Tanzania	2002	3	16	613.8528656	58.83852132	0.09585118
Tanzania	2002	3	17	539.6758212	78.89958947	0.146198118
Tanzania	2002	3	18	719.727445	159.2552691	0.221271636
Tanzania	2002	3	19	485.4528941	163.9466202	0.337718906
Tanzania	2002	3	20	552.6647695	216.3513841	0.391469469
Tanzania	2002	3	21	270.8829087	110.323063	0.407272144
Tanzania	2002	3	22	478.0465532	233.6295041	0.488717056
Tanzania	2002	3	23	317.1781099	164.35437	0.518176901
Tanzania	2002	3	24	312.536892	175.0750707	0.560174095
Tanzania	2003	1	13	2.0853	2.0853	1
Tanzania	2003	1	16	1.272288	1.272288	1
Tanzania	2003	1	17	1.865134	1.865134	1
Tanzania	2003	1	18	2.629887	1.690342	0.642743205
Tanzania	2003	1	19	4.71248	3.164907	0.671601153
Tanzania	2003	1	20	2.889604	1.613887	0.558514938
Tanzania	2003	1	21	0.76309	0.488847	0.640615131
Tanzania	2003	1	22	2.185852	2.185852	1
Tanzania	2003	1	23	0.694287	0.694287	1
Tanzania	2003	1	24	4.219357	1.955144	0.46337487
Tanzania	2004	1	16	1.984183	1.181341	0.595379055
Tanzania	2004	1	18	2.66523	1.629079	0.611233927
Tanzania	2004	1	23	2.821226	2.821226	1
Tanzania	2004	1	24	1.753919	1.753919	1
Tanzania	2007	1	16	1.338641	1.338641	1
Tanzania	2007	1	17	5.048114	2.571047	0.509308427
Tanzania	2007	1	18	9.344094	4.986842	0.533689194
Tanzania	2007	1	19	8.071812	1.645207	0.203821273
Tanzania	2007	1	20	10.591577	5.65567	0.533978085
Tanzania	2007	1	21	9.917037	7.433648	0.74958357
Tanzania	2007	1	22	8.258182	5.128413	0.621009927
Tanzania	2007	1	23	21.328557	11.242175	0.527094965
Tanzania	2007	1	24	15.21828	10.04555	0.660097593
Thailand	2000	3	14	55.91443943	0.997768701	0.017844562
Thailand	2000	3	15	47.64148587	5.564966423	0.116809254
Thailand	2000	3	16	44.60330262	3.981002377	0.089253534
Thailand	2000	3	17	57.20410909	2.027051137	0.035435411
Thailand	2000	3	18	61.22869216	15.16039982	0.247602869
Thailand	2000	3	19	59.927155	4.966604384	0.08287736
Thailand	2000	3	20	43.07069798	14.1555505	0.328658489
Thailand	2000	3	21	48.37846845	14.06769101	0.290784133
Thailand	2000	3	22	53.15479371	21.51809622	0.404819485
Thailand	2000	3	23	59.21719844	17.05591103	0.288022931
Thailand	2000	3	24	34.18272797	16.06412595	0.469948623
Turkey	2003	1	20	7.2581	0.775002	0.106777531
Turkey	2003	1	21	3.554002	1.032975	0.290651215
Turkey	2003	1	22	4.724204	1.513287	0.320326345
Turkey	2003	1	23	3.119159	0.590703	0.189378932
Turkey	2003	1	24	2.90928	2.90928	1
Uganda	2000	1	18	4.012037	1.684963	0.419976934
Uganda	2000	1	19	2.791927	1.055735	0.378138469
Uganda	2000	1	20	2.351934	0.972616	0.413538815
Uganda	2000	1	22	2.191624	0.572295	0.261128277
Uganda	2000	1	23	4.635337	2.344967	0.505889216
Uganda	2000	1	24	1.440072	1.33428	0.926537006
Uganda	2002	3	12	852	4	0.004694836
Uganda	2002	3	13	651	11	0.016897081
Uganda	2002	3	14	851	15	0.017626322
Uganda	2002	3	15	1392	46	0.033045977
Uganda	2002	3	16	1833	106	0.057828696
Uganda	2002	3	17	1828	167	0.091356674
Uganda	2002	3	18	2919	327	0.112024666
Uganda	2002	3	19	2254	319	0.141526176
Uganda	2002	3	20	2186	500	0.228728271
Uganda	2002	3	21	1297	302	0.232845027
Uganda	2002	3	22	1486	463	0.311574697
Uganda	2002	3	23	838	300	0.357995227
Uganda	2002	3	24	607	264	0.434925865
Venezuela	2001	3	13	280	7	0.025
Venezuela	2001	3	14	293	14	0.04778157
Venezuela	2001	3	15	441	60	0.136054422
Venezuela	2001	3	16	630	119	0.188888889
Venezuela	2001	3	17	883	240	0.27180068
Venezuela	2001	3	18	1133	437	0.385701677
Venezuela	2001	3	19	1302	536	0.411674347
Venezuela	2001	3	20	1558	718	0.46084724
Venezuela	2001	3	21	1861	932	0.500806018
Venezuela	2001	3	22	1923	1036	0.53874155
Venezuela	2001	3	23	1962	1095	0.558103976
Venezuela	2001	3	24	1944	1163	0.598251029
Vietnam	2002	1	12	9.862349	7.630776	0.773728044
Vietnam	2002	1	13	13.162206	13.162206	1
Vietnam	2002	1	14	5.396671	4.56895	0.84662378
Vietnam	2002	1	15	8.135357	7.17161	0.881535992
Vietnam	2002	1	16	16.10067	13.737607	0.853232008
Vietnam	2002	1	17	7.539659	7.539659	1
Vietnam	2002	1	18	6.30903	5.172108	0.819794485
Vietnam	2002	1	19	4.657336	3.70545	0.795615777
Vietnam	2002	1	20	3.812859	3.812859	1
Vietnam	2002	1	21	2.398148	2.398148	1
Vietnam	2002	1	22	1.248639	1.248639	1
Vietnam	2002	1	23	0.94448	0.94448	1
Vietnam	2002	1	24	0.811238	0.811238	1
Vietnam	2005	1	17	2.778402	1.389201	0.5
Vietnam	2005	1	21	3.099016	1.903879	0.614349523
Vietnam	2005	1	23	1.766362	1.413323	0.800132136
Vietnam	2005	1	24	8.645241	3.505568	0.405491067
Vietnam	2009	3	15	182.3816055	7.603296036	0.041688941
Vietnam	2009	3	16	199.7150052	6.548981132	0.032791633
Vietnam	2009	3	17	188.4083868	6.990206962	0.037101358
Vietnam	2009	3	18	285.9011173	33.19604668	0.116110238
Vietnam	2009	3	19	398.5194658	89.55231808	0.224712532
Vietnam	2009	3	20	557.393815	134.5970134	0.241475613
Vietnam	2009	3	21	808.8974955	265.8691341	0.328680872
Vietnam	2009	3	22	939.5895777	375.6864422	0.399841006
Vietnam	2009	3	23	1249.369771	593.7098406	0.475207464
Vietnam	2009	3	24	1743.932697	913.5605588	0.523850812
Zambia	2001	1	16	5.080693	1.295697	0.255023675
Zambia	2001	1	17	9.204444	2.109759	0.229210912
Zambia	2001	1	18	6.640625	0.410705	0.061847341
Zambia	2001	1	19	4.020073	0.918024	0.228360032
Zambia	2001	1	20	4.568621	1.953948	0.427688793
Zambia	2001	1	22	7.610756	2.952177	0.387895368
Zambia	2001	1	23	2.067185	2.067185	1
Zambia	2001	1	24	5.266908	2.692404	0.511192525
